50
16
7 89 58 8 52 89 15 84 38 85 0 47 2 76 61 94
54
6 1 55
2 6 81
14 2 12
11 7 86
2 9 96
7 16 54
7 16 96
11 16 34
3 9 33
7 12 21
13 12 52
3 13 14
15 11 4
1 5 61
1 9 3
16 7 97
12 15 92
15 8 77
10 3 23
5 4 26
5 16 43
7 2 13
15 16 25
16 4 86
16 12 41
15 3 38
14 1 65
5 6 23
1 7 78
5 10 4
10 9 99
16 11 12
15 10 37
8 14 64
5 13 90
3 11 23
13 8 48
4 12 2
5 2 80
9 11 37
2 4 36
2 14 1
16 7 38
13 4 14
9 13 82
3 7 89
11 2 13
6 2 12
8 9 0
2 13 57
5 2 66
2 7 75
9 4 38
12 6 62
0 6
16 8 3 15 6 13
7
75 5 45 9 62 55 13
48
5 7 31
6 7 3
5 2 9
4 2 35
5 2 76
5 1 63
4 3 64
3 1 39
5 3 0
3 7 6
5 4 62
3 2 4
5 6 49
1 2 8
1 6 4
3 5 32
2 1 38
4 3 41
2 4 99
1 4 16
2 7 24
4 5 67
7 1 10
2 5 6
2 6 61
5 2 80
6 5 24
7 2 31
4 6 99
1 3 97
3 7 12
6 1 36
2 6 63
3 7 75
4 2 77
1 4 20
6 2 14
5 1 18
1 7 99
2 3 81
4 1 46
7 1 82
1 4 45
2 4 73
5 3 50
5 6 71
1 5 37
5 3 44
0 4
1 5 4 3
15
7 83 65 41 40 21 87 11 10 60 38 98 62 56 13
56
2 1 23
4 2 31
1 8 38
1 3 64
11 10 1
1 14 66
6 1 87
5 10 49
13 2 47
7 14 60
7 15 91
1 5 21
8 1 73
3 6 89
4 15 26
2 6 98
9 13 10
5 10 79
3 11 78
9 2 91
7 1 34
14 12 56
7 12 29
1 2 70
4 2 48
5 7 98
6 11 9
15 6 43
3 7 92
4 2 12
11 3 69
7 3 94
3 11 57
11 12 62
12 15 75
11 13 70
6 7 17
3 1 66
1 6 40
3 14 63
12 6 53
14 12 51
9 2 25
13 4 86
12 7 59
9 12 69
7 14 10
14 13 14
1 12 76
3 10 40
6 7 45
5 11 97
5 4 22
2 14 60
6 5 38
5 6 38
1 8
12 2 4 3 15 14 9 11 13
9
59 42 33 81 51 81 94 62 61
52
4 6 31
4 5 49
1 4 31
7 6 91
2 8 32
3 4 70
3 8 96
9 6 39
8 3 42
2 4 4
5 8 9
1 2 52
2 8 55
4 7 75
6 3 53
2 8 47
7 1 0
7 9 87
2 3 15
7 4 62
3 9 28
4 7 83
8 2 37
7 1 70
9 4 51
3 5 77
2 1 94
9 7 53
7 6 21
9 4 45
9 3 26
3 7 61
1 8 43
5 8 13
2 9 16
2 4 94
4 2 40
3 9 46
9 5 67
8 6 64
7 8 90
7 3 52
3 9 51
8 6 13
7 4 91
2 1 34
3 5 93
9 8 55
3 9 41
8 1 59
5 3 75
7 2 8
2 2
6 4 3 8
2
70 24
3
1 2 13
1 2 51
1 2 7
0 2
1 2
12
60 47 60 95 18 80 8 78 13 62 0 89
15
1 12 37
8 2 43
11 9 93
3 4 0
11 2 82
5 9 77
12 5 37
10 4 69
1 12 34
5 7 24
5 6 72
10 7 75
6 3 38
9 8 52
2 12 78
7 3
7 2 12 8 6 3 10 5 1 11
10
29 58 1 56 40 14 94 15 6 47
34
5 4 77
10 6 20
10 3 27
5 10 63
1 9 11
4 2 19
6 9 72
6 10 73
7 6 88
2 1 46
7 10 30
2 7 40
7 8 31
6 5 55
4 10 27
5 1 22
5 10 89
6 4 57
2 10 97
5 2 95
4 1 26
5 7 18
3 6 1
9 2 8
4 1 35
3 1 4
8 10 70
2 5 95
5 4 62
5 10 5
3 8 81
9 8 84
2 1 82
5 9 47
2 8
6 5 10 9 7 2 3 8 4 1
7
74 25 95 34 98 6 75
2
4 3 23
6 7 0
0 2
4 1
21
82 36 79 86 32 37 52 63 34 4 1 80 30 79 76 65 77 82 92 27 57
48
4 7 29
21 6 34
21 14 7
18 7 15
4 16 4
10 18 38
7 6 19
12 17 47
14 1 81
18 14 38
19 18 19
16 1 54
13 14 13
13 20 33
16 14 89
2 11 28
8 14 99
18 9 98
10 7 79
4 19 18
1 13 37
16 13 43
8 3 57
6 21 18
17 7 7
6 1 39
18 6 15
5 9 19
10 9 24
7 11 61
19 6 38
9 7 2
11 6 44
10 18 95
14 21 67
13 14 30
16 10 55
4 11 41
12 9 13
20 13 83
4 21 28
9 7 0
12 7 80
8 12 35
5 1 96
18 5 58
4 12 97
14 15 63
0 3
20 10 14
14
82 20 62 22 72 65 22 5 11 91 40 5 47 36
3
14 11 95
3 8 44
1 6 7
2 9
11 6 8 5 7 2 4 1 12 9 3
2
95 30
0
0 2
2 1
19
27 41 80 82 64 98 93 40 22 45 81 29 22 85 59 19 6 15 73
18
18 13 67
15 17 49
6 12 79
10 5 52
18 4 33
7 14 83
19 4 5
15 11 35
18 12 46
6 17 61
15 1 23
12 13 81
4 3 31
6 18 6
9 18 74
3 12 54
3 16 79
13 2 85
1 4
11 5 10 3 2
20
54 90 29 87 74 22 18 88 12 76 3 30 50 55 6 4 38 34 35 79
51
1 11 2
10 11 24
8 20 6
4 9 12
5 19 99
7 5 17
12 14 45
2 9 95
9 17 52
8 15 93
9 5 48
10 15 72
17 7 30
12 7 43
16 5 42
15 2 12
6 7 57
19 7 53
19 3 5
13 10 44
10 15 52
16 15 61
14 19 50
20 10 81
17 13 89
18 15 95
16 7 12
2 5 70
17 10 81
6 7 73
12 11 62
7 16 58
5 9 63
14 11 83
6 5 19
1 6 48
19 1 83
15 13 44
16 15 60
14 16 97
5 10 49
12 4 67
12 14 71
3 18 45
19 1 82
4 12 74
4 20 33
16 3 19
10 19 35
18 12 88
7 9 24
15 4
10 2 8 17 16 12 1 13 6 5 4 20 7 15 9 19 18 11 3
21
89 13 48 33 58 25 9 61 84 36 99 18 62 40 37 70 68 28 8 37 5
60
6 11 71
12 15 14
6 5 56
21 17 21
16 1 31
10 6 44
13 10 43
10 8 35
20 2 3
8 15 40
18 1 24
9 7 93
11 18 55
7 6 59
7 8 47
11 18 45
20 5 78
4 18 74
5 21 91
17 18 17
16 2 33
1 15 9
18 16 5
21 20 40
7 5 14
1 4 53
3 10 93
20 9 5
19 16 73
13 20 83
14 9 35
5 16 5
18 5 7
17 5 49
19 11 4
8 1 71
10 8 17
6 17 22
1 9 47
13 7 82
3 16 69
13 8 10
15 2 70
16 18 21
2 16 39
7 14 63
16 1 32
19 15 6
19 21 5
8 7 88
11 20 9
16 6 84
17 15 69
12 6 4
4 10 42
15 11 84
13 12 63
4 10 47
4 21 70
10 9 35
2 2
8 12 9 11
5
78 98 71 82 71
20
2 1 83
3 1 11
3 2 19
3 1 45
2 1 80
5 4 50
3 5 9
1 5 80
2 4 38
3 5 23
1 3 39
5 1 10
2 3 72
2 3 25
5 1 28
3 2 4
4 2 27
5 1 47
2 3 50
1 4 25
2 2
3 5 2 4
2
11 58
4
2 1 10
2 1 37
2 1 37
1 2 80
0 2
2 1
4
8 15 42 35
5
4 2 87
1 4 13
4 3 41
2 1 12
4 2 62
2 2
3 1 2 4
6
60 94 53 2 81 70
11
4 5 53
1 5 47
6 1 88
1 3 52
6 2 15
2 6 44
2 4 39
2 6 75
1 2 78
3 6 60
6 3 74
1 2
1 5 3
3
79 79 13
6
3 2 86
1 3 4
3 1 67
1 3 95
2 3 73
1 2 85
0 2
1 3
13
71 37 83 22 16 14 35 14 44 74 4 91 78
38
4 13 97
1 12 92
12 10 17
2 11 54
2 12 65
12 8 58
11 8 93
1 9 59
13 10 55
4 9 46
4 9 62
4 3 57
13 10 51
12 7 79
10 11 32
4 3 95
11 13 47
8 7 15
4 2 49
1 7 87
9 13 64
1 11 83
10 7 75
12 5 9
8 2 93
13 7 88
10 6 35
7 1 2
10 4 3
11 13 90
8 1 55
8 11 90
4 6 60
2 11 69
12 1 14
11 7 2
10 1 89
3 2 43
6 6
7 12 3 6 11 10 8 13 5 4 2 9
13
37 88 6 91 63 65 33 66 54 76 46 95 23
32
4 9 12
11 6 8
2 12 94
13 11 99
7 10 92
13 7 81
5 13 25
7 5 58
10 1 34
1 4 57
5 2 21
4 7 81
6 7 8
2 5 55
4 11 53
7 12 38
6 5 39
6 11 7
9 10 87
12 8 97
7 11 46
2 1 42
10 6 69
2 10 90
1 13 7
2 6 27
6 1 18
11 6 36
9 4 76
9 12 73
3 9 71
3 9 74
0 8
5 8 3 6 7 13 10 2
21
58 88 3 86 25 77 99 10 48 26 14 74 44 22 63 36 39 71 18 18 2
18
8 6 95
5 9 41
11 9 96
14 5 84
6 7 62
16 18 24
16 4 39
2 19 13
8 20 52
6 7 70
12 8 12
18 6 25
5 2 80
7 4 92
11 5 43
7 1 92
9 16 20
6 5 45
3 2
15 2 8 21 9
6
98 60 92 75 47 81
28
5 4 16
3 5 54
1 4 22
5 2 8
2 1 95
3 1 58
5 3 43
3 5 93
3 1 69
6 4 76
3 1 78
4 3 11
6 5 98
6 2 34
1 6 29
1 6 39
4 6 52
5 2 2
6 3 52
5 2 32
5 2 62
3 2 73
6 1 23
5 6 58
3 5 87
3 5 27
2 4 14
2 6 42
0 3
5 4 3
10
24 72 34 53 46 8 25 75 31 10
43
10 2 85
10 8 53
9 1 34
3 8 68
2 7 60
1 7 68
6 1 2
2 6 62
10 2 94
3 2 35
1 9 64
1 4 24
10 9 46
4 9 54
4 10 50
7 6 70
2 8 72
5 6 35
4 7 81
7 10 16
9 1 33
9 4 57
10 4 56
8 2 19
10 8 94
5 10 0
5 10 13
10 5 28
8 2 23
9 3 71
9 1 59
5 4 69
8 4 99
2 10 6
9 1 17
1 5 12
2 8 58
6 1 69
7 9 36
1 3 64
2 6 45
7 6 69
10 5 18
4 5
6 9 10 5 1 2 3 4 8
12
82 11 64 57 77 33 54 97 51 49 77 43
54
11 8 33
6 8 5
4 11 8
2 5 69
9 7 97
12 6 37
7 1 48
12 9 25
10 2 74
8 1 52
3 8 90
10 9 15
1 2 50
9 11 91
7 4 4
4 1 35
4 2 49
4 6 21
5 8 98
2 10 49
8 5 49
11 6 30
1 6 72
1 6 84
5 1 92
12 4 90
6 8 35
11 3 99
11 9 57
7 1 1
12 6 59
10 5 20
3 1 72
3 1 28
7 6 71
6 4 64
8 3 30
7 6 47
3 2 41
8 7 3
5 8 90
9 8 83
2 12 18
2 8 56
11 8 82
2 7 83
9 8 47
6 2 13
11 5 64
5 10 71
5 9 35
12 8 40
3 7 5
10 9 66
3 2
2 5 6 4 3
4
10 19 83 23
13
2 4 39
3 2 10
3 2 98
2 1 90
1 4 13
3 1 4
2 3 15
4 1 25
1 4 42
4 1 82
2 3 40
2 1 5
1 3 52
0 3
2 1 4
18
43 26 47 3 70 72 30 97 25 24 73 17 24 56 19 17 48 72
27
7 1 55
3 11 7
18 14 83
1 6 16
18 15 63
14 6 88
3 10 13
4 3 30
18 5 1
11 14 25
9 14 40
1 13 48
12 4 59
16 8 59
10 16 38
16 9 87
5 11 85
7 14 57
11 2 88
4 16 16
16 3 2
8 15 47
10 11 26
17 6 53
12 2 19
18 10 78
11 16 60
4 9
1 4 6 10 16 15 17 18 13 3 8 11 14
6
63 29 7 93 40 57
25
5 6 48
2 1 2
6 3 7
1 2 43
4 5 96
3 5 17
2 5 33
2 3 91
4 6 98
6 5 7
3 5 27
4 1 7
4 5 38
3 2 48
1 5 99
5 4 54
2 1 85
4 6 27
4 3 50
2 3 13
4 2 66
3 6 13
1 5 48
3 1 83
5 2 33
1 4
5 2 3 6 4
15
37 38 53 8 56 60 56 21 26 79 70 83 87 5 88
33
9 12 44
11 2 55
4 7 3
8 15 78
5 6 55
9 5 45
5 3 54
7 11 34
12 11 21
12 13 93
2 7 74
4 2 10
7 13 82
2 5 7
2 1 58
4 2 10
3 6 75
14 1 19
3 1 61
15 14 6
1 12 32
4 5 95
2 9 77
3 5 36
11 6 94
6 7 4
9 12 32
14 12 3
6 4 52
4 3 16
7 4 43
12 2 36
5 9 54
6 3
11 10 14 4 7 1 8 5 9
14
94 92 1 49 45 53 90 61 11 56 57 54 44 45
38
6 7 0
12 14 23
2 7 74
1 10 7
13 12 28
13 5 22
12 14 23
3 11 65
7 6 74
9 1 70
14 11 23
11 9 60
4 14 77
11 10 13
8 5 13
11 7 76
10 13 39
4 5 56
9 8 36
8 6 22
2 7 1
11 10 44
14 9 21
8 3 87
2 7 52
10 12 80
3 8 20
6 10 28
12 2 64
5 7 38
4 11 40
13 7 36
6 13 37
8 6 6
12 9 13
7 10 12
13 2 6
8 10 35
0 6
8 9 4 14 10 1
11
7 86 73 28 23 57 81 81 27 91 95
37
5 8 59
1 7 66
5 3 53
6 10 66
10 2 22
1 9 72
11 8 97
2 1 6
8 4 85
5 3 88
7 6 98
3 6 83
1 8 76
4 1 89
11 2 11
9 8 36
6 5 46
4 1 84
5 7 3
6 5 69
11 9 46
3 8 90
9 8 39
9 5 6
8 2 90
10 5 38
2 7 84
3 7 20
8 2 23
2 4 92
10 2 39
10 9 81
7 3 72
2 8 78
10 7 20
3 11 27
9 11 86
0 2
7 2
14
96 57 58 88 86 51 79 53 91 60 40 61 84 77
7
8 9 53
12 10 30
9 2 46
12 10 98
2 12 70
8 4 66
6 14 31
0 2
3 13
18
68 83 6 53 46 11 38 82 94 42 96 92 35 45 90 3 70 60
12
18 9 27
1 14 34
3 2 72
13 8 71
17 11 55
14 6 53
5 3 87
7 15 84
16 9 81
11 9 52
2 10 77
13 11 68
3 7
15 12 7 9 2 1 11 18 8 16
10
84 10 68 65 40 30 17 83 83 95
25
9 6 63
8 4 37
1 5 26
3 7 49
3 6 59
8 10 0
8 10 12
8 4 80
4 10 88
7 4 83
5 9 98
5 3 36
5 9 14
9 7 63
4 2 74
1 3 26
10 3 39
9 6 71
9 7 34
4 6 81
4 1 47
8 10 33
6 8 90
9 2 76
4 5 50
0 4
8 5 10 6
10
5 94 26 30 97 59 42 10 58 1
3
5 1 0
5 6 61
5 10 89
4 4
6 9 3 2 4 10 8 1
11
47 80 65 47 24 65 54 58 79 33 92
50
1 11 62
3 5 96
3 8 46
9 6 39
3 5 79
6 2 63
2 10 62
7 4 95
4 11 5
4 3 49
4 11 12
7 5 8
9 10 54
4 3 46
6 7 25
9 8 40
8 4 55
1 5 16
9 11 32
9 10 34
8 11 96
10 8 82
7 2 57
9 10 3
1 2 91
4 7 41
7 4 76
6 4 59
5 10 46
8 7 35
4 3 88
1 11 50
7 6 70
2 1 84
3 2 27
9 8 58
1 5 97
2 5 52
11 6 39
4 3 65
5 11 87
4 3 91
7 6 53
7 5 23
8 5 52
2 7 83
5 2 95
9 10 31
4 1 68
7 3 33
1 10
2 11 6 3 9 7 4 1 10 8 5
6
7 49 5 77 13 85
31
3 2 64
4 5 74
1 3 70
6 3 76
6 1 55
5 6 49
5 6 13
1 5 22
6 2 27
4 3 64
4 2 80
2 6 54
2 6 46
4 6 51
2 1 9
1 4 97
1 3 87
3 1 33
2 1 33
4 2 94
3 4 19
1 2 45
3 5 44
6 2 47
6 2 56
6 3 54
4 6 41
2 6 79
3 1 26
1 2 37
6 4 28
0 3
3 1 6
18
29 17 35 62 73 24 80 79 41 81 21 4 29 0 35 39 60 61
50
15 10 98
12 5 78
16 18 3
10 16 25
16 4 42
12 18 67
18 2 47
12 13 20
9 5 20
10 8 32
17 15 50
2 1 93
1 3 11
16 12 2
2 17 75
17 5 63
18 9 30
10 2 31
12 14 61
1 10 31
13 4 59
11 8 4
13 5 80
4 2 32
3 7 93
7 6 47
13 15 70
12 8 3
15 7 9
12 7 20
5 17 81
18 9 88
10 3 57
2 4 81
9 4 81
16 9 47
18 3 44
13 15 73
2 1 0
11 5 72
15 3 54
12 11 94
4 11 3
3 13 85
12 16 18
7 6 65
1 7 74
1 12 99
15 13 25
10 5 72
4 11
17 8 13 11 16 4 12 14 5 18 3 15 1 7 9
11
33 67 42 54 63 48 49 97 71 53 68
33
6 10 91
6 5 41
6 10 37
4 9 11
7 1 9
6 8 20
11 9 53
8 6 95
9 7 44
4 1 13
5 9 67
7 1 17
7 4 6
3 8 22
8 1 26
3 5 90
7 4 22
3 7 69
9 11 66
1 10 31
5 7 34
10 5 3
5 9 10
5 3 84
1 3 10
3 7 0
8 9 23
10 4 44
6 4 10
4 2 41
9 6 81
2 9 18
8 7 94
0 2
11 10
2
0 62
0
0 2
2 1
21
31 72 20 83 34 11 3 76 69 1 57 61 85 27 57 93 73 63 63 93 5
53
17 13 57
1 12 10
13 8 89
5 20 61
4 15 96
5 18 24
3 15 33
6 21 12
6 12 85
9 16 30
19 12 35
11 7 33
21 12 75
3 10 36
6 1 84
8 18 60
11 9 93
16 9 5
19 18 90
4 10 21
20 21 8
6 7 25
17 19 57
11 4 7
15 2 43
1 20 63
5 9 34
9 2 46
4 20 19
16 1 53
13 20 63
1 4 59
8 19 29
16 1 88
7 2 32
6 19 36
14 1 85
13 11 92
10 18 90
10 9 60
8 20 39
10 17 94
16 7 79
9 5 68
15 4 52
20 21 40
11 21 25
21 10 18
7 4 8
16 12 20
1 9 59
8 2 54
12 8 13
4 5
5 14 2 8 17 15 21 13 6
15
36 3 37 57 63 85 82 83 8 45 95 22 13 49 86
40
3 15 81
15 1 97
8 3 64
3 12 6
8 9 66
8 12 56
8 9 41
1 8 1
13 5 23
7 8 61
2 14 94
8 6 43
15 1 60
11 12 32
11 3 41
14 7 5
15 8 32
14 11 94
4 2 52
3 7 58
2 8 31
3 14 15
13 5 21
2 8 86
5 10 69
15 9 8
2 15 40
11 13 21
10 1 29
9 4 98
7 12 61
13 2 68
2 8 87
9 1 38
11 4 34
4 5 83
10 13 16
7 8 44
15 11 23
10 5 13
0 9
13 6 5 10 11 12 8 1 7
21
4 62 31 37 13 75 94 94 98 29 30 64 13 72 99 59 3 53 26 37 60
24
8 13 18
1 3 74
5 21 18
13 19 49
2 3 24
7 15 74
3 9 71
10 15 31
20 16 57
6 10 37
20 15 13
18 15 17
1 12 35
12 10 84
13 10 60
17 3 86
4 9 77
17 8 66
9 14 13
18 2 20
10 2 45
3 4 49
13 6 64
20 15 7
15 3
7 6 10 9 5 13 15 20 2 12 8 11 21 14 4 17 3 1
7
9 52 15 76 57 61 68
30
6 3 30
6 7 6
1 2 1
7 4 46
5 3 41
5 6 99
4 7 17
1 7 74
6 4 95
4 3 48
7 1 13
1 7 43
4 3 21
7 5 94
2 1 45
5 7 62
5 4 89
6 1 47
3 2 95
1 2 5
5 6 15
5 4 75
2 6 22
2 5 32
4 6 42
7 6 3
7 3 55
4 2 54
4 1 49
4 2 7
1 2
6 1 2
7
71 1 10 3 15 35 24
49
1 4 42
1 3 24
7 5 16
4 7 75
5 7 34
3 5 9
5 4 25
3 6 78
4 2 14
2 6 56
7 1 80
5 3 49
4 2 83
1 7 61
5 1 51
6 5 39
6 2 58
3 2 40
5 2 57
3 4 1
1 4 0
2 3 22
4 2 58
4 6 19
7 4 22
5 1 14
2 3 24
1 4 92
2 6 29
2 1 22
7 1 48
7 1 8
1 6 51
5 2 26
2 1 40
1 3 64
3 4 81
1 2 2
7 5 77
5 7 52
4 2 1
3 7 10
4 6 89
1 6 31
3 5 44
2 6 88
1 2 44
6 4 60
5 1 16
3 2
2 4 3 7 1
7
28 24 66 56 84 62 91
13
1 4 79
2 3 24
5 6 36
7 5 4
1 4 87
3 5 79
7 2 55
3 5 31
4 6 15
7 5 23
7 5 40
5 4 17
1 6 30
5 2
5 4 2 6 1 3 7
15
54 69 18 70 92 17 45 56 95 86 69 49 3 99 39
19
5 11 72
5 11 11
8 11 54
3 12 19
5 15 0
9 2 70
13 9 68
8 15 6
14 7 61
3 11 46
15 6 70
4 8 82
11 3 88
5 6 59
5 12 93
6 8 98
6 10 20
13 8 89
4 9 7
6 6
15 14 8 11 7 9 4 10 13 5 1 2
11
3 87 13 88 67 85 92 34 75 51 57
58
1 6 87
4 11 70
10 11 38
3 10 2
7 8 30
5 4 66
2 10 53
3 11 20
6 2 7
1 4 16
10 9 56
2 7 26
9 4 16
11 3 18
4 8 1
7 11 73
4 5 0
3 8 16
4 8 24
5 10 35
1 2 20
7 4 98
10 6 55
10 2 19
6 2 46
5 10 11
7 9 75
3 10 3
9 11 34
7 8 89
6 1 8
9 3 90
1 5 48
2 3 75
4 11 77
5 11 38
11 7 11
9 7 52
10 4 69
2 9 21
4 3 45
11 10 68
4 10 46
7 10 43
1 2 51
4 1 41
1 5 52
9 10 56
5 2 25
5 8 98
8 9 96
1 7 66
5 9 86
6 4 24
4 5 28
5 3 69
6 8 74
3 6 30
0 7
5 6 11 8 9 4 7
19
54 80 2 0 37 26 62 85 6 34 77 76 82 48 50 97 87 32 27
58
17 7 45
13 19 76
10 7 73
2 10 14
5 4 14
14 8 29
5 16 63
6 18 97
17 7 46
4 2 73
18 8 19
11 7 95
17 13 21
4 19 10
8 14 1
12 15 70
8 6 46
6 18 98
9 13 52
10 13 87
14 12 14
1 5 92
10 18 75
7 4 83
1 7 99
12 14 61
17 9 54
15 9 7
5 13 18
14 12 76
7 11 47
11 8 29
9 12 80
12 13 62
12 15 53
5 6 14
18 15 20
14 4 28
15 13 98
10 5 74
16 12 21
4 19 51
13 11 83
19 2 15
8 17 69
12 19 35
11 14 8
2 14 36
13 8 86
3 9 60
15 2 34
19 17 37
9 6 72
19 7 91
4 1 12
13 1 48
4 14 56
2 9 44
3 5
16 14 6 2 18 3 9 15
11
66 37 56 57 6 47 33 58 60 92 13
2
9 2 65
5 6 36
2 5
1 10 8 11 6 2 5
