1128
80 100
26 30
8 12
47 78
74 76
71 75
71 72
45 66
27 88
10 24
74 98
15 67
12 69
48 88
18 70
1 3
17 32
26 76
43 73
54 71
76 98
20 45
41 47
85 87
46 68
10 65
20 76
83 88
70 87
8 35
40 90
56 60
38 73
68 84
62 89
59 90
34 64
30 63
27 66
46 49
12 58
31 62
33 44
70 71
14 56
30 53
45 89
60 70
78 95
37 39
26 83
47 97
11 78
9 89
44 57
34 55
66 95
37 50
6 39
4 72
13 53
8 58
19 93
71 79
14 15
9 96
58 92
2 94
2 35
78 91
10 24
27 32
68 71
61 76
25 99
38 64
23 51
44 47
25 41
54 66
74 91
2 82
31 95
35 66
77 97
43 58
27 53
23 85
12 46
23 83
63 98
13 60
20 58
8 12
34 73
66 76
47 67
29 57
13 43
61 94
20 89
19 72
55 67
12 94
18 28
80 86
25 97
45 96
52 54
7 39
24 77
14 75
22 42
3 55
49 65
15 36
85 89
7 55
52 91
9 18
4 31
40 55
84 100
2 6
8 88
44 64
10 32
25 38
2679802576 2680731988
2150786855 2151676418
3608102328 3608753652
6344456044 6345208268
4877091808 4877213443
5551153391 5551345665
4894834498 4895237053
1772916774 1773757372
7296851246 7296904729
6714978130 6715553977
4472016327 4472980784
5240676860 5240920775
1680245679 1681156131
2748006122 2748810546
1607515840 1607906714
7711871814 7712626790
3000467862 3000930437
5137792009 5138688169
218528240 219192352
6148439432 6149180035
6019058749 6019874089
2980461828 2981331832
6202252219 6202313185
1747211796 1747963824
4824287347 4824541543
3520197076 3520410241
902432427 903204373
7386693214 7387519241
7662331537 7662383499
6520728839 6521018411
2678502567 2679105225
3164815638 3164912617
3363636795 3364021184
5975571929 5976329366
7955591200 7956047966
80951795 81657972
5009369169 5010240289
7744490621 7745101461
7446311448 7447107336
1402819992 1403380416
630154823 630517371
8023651690 8024496843
435120562 435999900
3476648395 3476762157
4561115725 4561903404
3497146905 3497423227
2097797588 2098418835
1438652476 1438692430
6320812954 6321635865
7801449773 7801896843
4045651517 4045670482
2794772475 2795346282
7926149046 7926473441
7100741563 7101383639
729869818 729913906
2227365096 2228218109
1908627358 1909054947
3064354900 3064933471
1610155632 1610943164
7756006234 7756484015
6444367691 6444583957
6598780712 6599221439
4531556867 4532466316
7012411265 7012850070
289089614 289387406
2405826463 2405967464
942492519 943285290
5745882036 5746617210
1363956603 1364360348
8399179189 8399911780
1143529408 1143959722
6898415724 6898747583
5884571590 5884747260
356204180 356474708
3373914094 3374168667
8014943044 8015796401
2183272317 2183987480
3075626232 3076171426
3523032970 3523843227
232837103 233464468
1821178437 1822116220
4320923514 4321544931
4325848831 4326707925
236160550 237149944
2129392571 2129941439
5303291549 5303547912
7178821995 7178883315
4253510818 4254379419
2277801432 2277825634
564689802 565308116
3887021718 3887335707
1576304733 1576529786
5010909734 5011090310
5717773823 5718065520
8044062880 8044372917
7645834032 7646027855
573091778 573820691
3460994805 3461536991
7371949168 7372040604
4733331948 4733417603
6845039644 6845408377
7768930077 7769910390
7777555432 7778079967
2288536790 2288666530
3581954361 3582289176
282714072 283619015
6064974485 6065847180
4389413071 4389991309
5279363526 5279495496
7900108316 7900186621
5022236963 5022280071
5118616201 5119614027
6453796215 6454262824
6334282430 6335057841
8360404043 8360408870
3285779758 3285800628
3887432955 3888336827
5664347616 5664862865
2831765691 2832381444
817530425 818090245
6580081588 6580959834
3760327285 3761103973
2129766119 2130696325
3930901610 3931895891
2564964139 2565714181
8002787777 8003494669
5296754626 5297089372
71669762 72320322
6489108649 6489773135
479952989 480371739
529473776 529917158
524261106 524713603
4037991723 4038539261
30470092 30543660
5530628679 5531264300
473025449 473201201
4648650243 4649437443
4610142526 4610679165
5318954583 5319223866
5938198601 5939019630
804435093 805104051
7745551263 7746418233
8234647986 8234912216
7747086541 7748022462
8414697779 8415516167
2095266420 2095762935
443230095 443663505
976649523 977641920
4381387245 4381395582
3949587372 3949911585
6792109240 6792381021
2679213219 2679628770
449627471 450134939
6189500777 6190017408
107852660 108470917
3741172765 3741587362
7113613128 7114392715
2890196766 2891012365
3802337895 3802901024
2886645381 2887609821
3278247338 3278366509
5955265749 5955392286
5991319373 5992299125
3818931623 3819009647
3456609632 3456861353
7223532807 7224374890
67479931 67613326
7142950284 7142977613
8122412294 8122910870
7257485936 7258302461
8414544093 8415006084
4455452599 4455886115
8366768018 8367499905
2945814630 2945906502
5326780609 5326870095
6145541791 6145579383
1612673565 1613627100
7247428713 7248218566
2072349291 2073230175
3438368942 3438907084
2931116516 2931989165
5464300854 5464969694
7973645633 7974026168
428937916 429737870
4154382986 4154853732
518031407 518591706
1040486962 1041009856
7805936071 7806730187
8501882444 8502493387
810674470 810873084
6134433117 6134669959
5471830854 5471841034
7090370869 7091174705
8572556344 8573243153
287580738 288285848
886830720 887681929
5292362414 5292490768
2287772801 2288266780
801167075 801252858
1395479802 1395531121
4183808950 4184351374
7520194308 7521003646
2327678764 2327783316
5856042860 5856706369
6239718287 6240281388
4734629923 4735342941
8570327744 8570332221
6014451419 6015401777
3161775607 3162356600
919091927 919524101
3651909220 3652032109
5519649211 5520006907
6505341891 6505603112
163847693 164671800
7108464905 7108683049
6635794335 6636418892
3568057388 3569006409
3753637047 3754550971
5787826743 5788365517
1314508269 1314722435
7490295312 7491251844
4354548151 4354983699
6660224926 6660739847
909056949 909880140
7940516111 7940855493
6515888088 6516643816
5283503720 5283927552
222236267 223039580
7374678536 7375264403
7462642837 7462926578
4029685108 4030447493
4825711072 4826562480
5752070240 5752739986
1017451501 1017911223
5287988760 5288191678
1971490253 1971524334
5377618929 5378174677
6784264615 6784783371
2020058074 2020559863
6164232327 6164826074
2019002666 2019918096
2396302871 2396764308
191671535 192460138
2558659408 2559138482
6802449867 6802496665
3219792001 3220726098
4273776446 4274377806
2479705324 2480059896
1058119312 1058544469
5912805059 5913105552
4483907181 4484276560
7667377506 7667725654
8452804184 8453433261
5096831329 5097332661
7793109782 7793153426
908729852 908973602
7501343309 7502109777
8077468550 8077698178
8258361793 8258403688
3104215212 3104636799
6855444596 6856364020
6638449341 6639207471
7442921029 7443096793
1196812459 1197648253
7669698324 7669953768
2899258114 2899717602
6178067388 6178289519
3431854349 3432464288
6528364095 6528967787
2956268436 2956919647
322951113 323502124
3528856229 3528978861
3166659823 3167194870
8326980150 8327628827
265625809 266524027
6218035922 6218648474
6839238764 6839637754
6344927997 6345495834
8244678806 8245036493
199308156 199772540
2989603641 2989820780
4736066113 4736423134
4710838033 4711687056
6741470364 6741602777
6310030163 6310097358
5380812905 5381323207
82990887 83798241
3893754877 3894572360
293156190 293930172
3625401333 3625968155
1858478591 1859090485
8205428384 8205763947
1793686899 1794566203
2041294367 2041675831
7527775326 7528004431
736763606 737475964
7406247953 7406358047
1262424035 1263355962
8572646630 8573001187
8283871577 8284605202
5096141435 5096459341
6719278033 6719629839
6039444085 6039962054
6551635854 6552004463
3880475747 3881414835
7161357164 7161955691
7649335391 7650210448
7343793551 7344735165
6500920583 6501891467
1704857887 1705698911
3925270485 3926133468
5201950388 5202698556
5937272657 5938258687
4116437365 4117290889
6819804852 6820072670
8086146998 8086378457
3874248951 3874967702
1918316731 1918978848
7282427817 7283269726
10527839 10857565
4969186060 4969545974
6402403301 6403134412
3626518910 3626623976
1918786796 1918789468
7777969713 7778728267
1084176275 1084757893
1158656760 1159553834
4004926499 4005663864
6750686713 6751209401
5022433131 5023230469
67979977 68255863
6540355787 6541308760
2837874131 2838296296
7448152410 7449057301
2945224137 2945338617
1912786951 1913139393
790412538 790984769
482857790 483202874
3115243338 3115592580
7380194727 7380549392
1978670051 1979350935
209379022 210254957
820721519 820796764
1049504074 1050371946
4010910218 4011207522
3930904898 3931069826
3805018035 3805957270
4650752459 4650973938
5940062909 5940854179
5781436203 5782128798
2184860883 2185260388
1302185351 1302577514
4190609657 4190929337
5378796806 5379674124
2847917546 2848705346
3044481510 3044702310
7081820722 7082714920
3623301794 3624022950
2723705003 2723740827
3600369099 3601061823
4773479952 4773564637
2833687617 2834326278
3237850504 3238289698
4452110996 4452820186
2505800508 2506170449
4521598474 4522293333
4307640482 4308010744
2045803138 2046536843
3834842078 3835591508
1442325078 1442553627
5743118121 5743465644
6185195414 6185501552
3497774923 3498404454
8004736617 8005537323
1016154106 1016539712
574752934 575641592
7483871446 7484359158
8466342180 8467291774
613170446 613748379
8206173013 8206202461
919723009 920161971
8046270297 8047102461
4499435098 4499784175
4911988120 4912185328
5623586532 5623996320
1064448530 1065082494
8139578956 8140238898
4677459045 4677860940
7360039422 7360241805
1017478278 1017670819
2533976620 2534222388
6035754524 6036514202
7222888673 7223764050
1124282855 1124580230
5595358990 5596136922
8088844006 8089285469
3782371242 3783007590
4509426049 4510194341
7911181641 7911920907
5081166784 5081305105
2456492994 2457445866
7554437461 7554846532
4437594830 4437954737
6924213532 6924693352
7163433697 7164196229
3112702237 3113308875
5738388689 5739358236
5579845188 5580340659
2120690738 2121203799
1163910741 1164891004
3611685626 3611716322
2398152615 2399072873
4136248994 4136527004
2021460396 2022046765
5679337378 5679870057
6679529207 6680394557
7166439535 7166645914
1472214149 1472555252
8227167947 8227383695
1406494735 1407296899
3260442413 3261346511
256885083 257709578
3109845399 3110506097
3696215051 3697138436
6968639178 6969190919
4599377197 4600259847
6092322950 6092592061
3689223758 3689482591
7181437652 7182356602
6725960472 6726387560
3663918679 3664170196
2123737076 2123982734
3249002313 3249560821
1499765649 1500127361
1142825417 1143219219
8493884182 8494331638
7341648448 7342046170
1595037052 1595896435
7323297302 7323590032
4460102546 4460487349
8081209206 8081788969
3591311172 3591818601
4620595018 4621539477
3852027166 3852671729
6030006311 6030199366
4351727844 4352044208
728901649 729626348
7996369903 7997318304
2667476152 2667548168
6324287851 6324324022
3968598831 3968753780
8186266288 8186896399
4821324516 4822273368
6805405663 6805834627
7074191132 7075129952
2565157310 2565857016
4506471733 4506536624
8009364660 8009873309
7236852792 7237679865
3702767770 3702964189
7369592613 7369820438
1161055371 1161509994
6059147449 6059481873
1984632578 1984846977
8126406089 8127278396
2163714623 2163811425
2967617902 2968595816
4147454626 4148001272
1918444616 1918542200
2333225226 2334034210
8298410960 8298673412
796246997 797139146
6803741529 6804645199
7586788080 7587180459
4228876084 4228996156
759190390 759688010
3496164938 3496485247
4089604910 4090062936
484001917 484540408
6337134548 6337908593
5447552899 5448149338
963947067 964164988
3796529436 3796795106
3538083114 3538578879
3463392881 3464271960
1967623855 1968352188
3485776543 3486541791
2890426192 2891232770
4395471571 4396439486
8036218932 8036350685
754423827 755112809
4891877196 4891964498
1851973779 1852879677
4349239471 4349630238
6672645919 6673354052
2380160361 2380594470
4062653808 4062686333
4079445194 4080374547
4748456449 4748625073
1492102620 1492835242
5230977380 5231356790
7386599840 7387046253
3743565837 3744559277
3813261735 3814136302
7673223995 7673230989
3296327681 3296466165
2813698914 2814306431
7824070375 7824834838
6749810912 6750709814
6837628864 6837635005
3555580728 3555786517
6646728555 6646756104
3763187989 3763305101
316657650 317353596
1503625236 1503784979
1820440957 1821401538
3686193403 3686606232
2262942908 2263434155
2318616880 2319528904
856693622 856871264
7046179733 7046579780
2755823417 2755938025
4799799767 4800797366
6326452460 6327231859
1249486022 1250483045
218275970 218697609
7438298819 7439122141
7379141997 7380086886
5964535946 5964566561
1483127334 1483854121
4825935148 4826599239
1473618958 1473734542
7488821925 7489233993
6123210354 6123933301
4158209782 4158360439
8207935819 8208441055
7011938307 7012596079
6935537764 6936364200
5349316913 5349594864
3835500874 3836039709
5977038011 5977100217
7216389960 7216563085
1628684084 1629254684
8188017085 8188249145
7645596331 7646035396
365427063 365970182
5159684878 5160412897
245371936 245463968
5542745823 5543092522
2878441657 2879081570
468910244 469828593
4254422990 4255016187
3658294692 3658304891
8275861036 8276371314
2470533815 2470960777
953892821 953985390
2362362599 2362393112
5717619707 5718521338
5934726605 5935044147
2297285450 2297838758
5229228093 5229368722
2319754625 2320004229
6859434046 6859729782
1118020820 1118382784
327211906 328005797
4246139269 4247006470
4478143548 4478468677
3772533610 3772640335
5037795880 5038427555
8265553882 8266180849
906013420 906392658
186090242 186241472
6454015539 6454403730
3328474549 3328565529
2642538611 2643084884
4613755827 4614428082
6678285300 6678402332
1212493161 1212873178
5259569101 5259909333
1198702564 1199368449
5762514938 5762640506
6482409067 6483101547
2585500724 2586130528
6029341738 6030191783
4559685503 4559877470
4455871472 4456225557
7666765765 7666918344
1094116283 1094723296
4327157697 4327539819
3715452889 3715998658
4565631362 4566091157
4492873512 4493636804
8097306192 8097361553
2246753242 2247065286
6524867110 6525460918
3496850496 3497012425
3215361976 3215725602
4238516277 4238555878
2620930440 2621296774
7575114941 7575463250
5744393871 5744934544
1235287705 1235609706
784776269 785084128
577984480 578423652
5048654079 5049352908
2369045147 2369189144
293260619 293956384
6179512380 6180370636
2202580363 2202668906
703301672 704166742
6297313788 6298105580
8578777164 8579736726
3915700141 3916259650
5765262849 5765500357
8292963088 8293958931
6572916984 6572998671
7400533379 7400892104
2928372108 2929369012
3736118125 3736837229
1366977052 1367800432
6480602076 6481504324
6730353972 6730696662
2948800706 2949274626
259892336 260023786
8085361447 8085957533
6796048036 6796475766
7664083911 7665026750
3934861289 3935366516
1069899344 1070573847
6239024576 6239322083
4688773462 4689553194
4573085981 4573471294
640831520 641446140
5609564367 5609579867
8554091771 8554777470
5504434432 5504859289
7328009162 7328243838
6880979474 6881385269
1347267630 1347781198
2860540278 2861403227
36968672 37514602
1563723677 1564358925
3503220396 3503330855
3178011851 3178568187
8357813868 8358181067
2558172518 2559161631
3542136301 3542520365
1601986945 1602206285
5678316751 5678364250
8247191207 8247777570
367167481 367788494
4975478802 4976042191
5198247266 5198962604
4452912158 4453004387
1681392589 1681406814
6294209144 6294744569
2897205692 2897633261
8527145448 8527694815
2815561977 2816229221
5286361640 5287266728
8418925611 8419167087
4633935712 4634002005
2721853284 2722567810
7847853289 7848312726
2570315712 2570385695
1646221411 1646382874
3203709001 3204444990
4355988923 4356050412
3910639764 3911226008
2130188431 2130537601
750648618 751585216
6433607222 6434310481
7588772506 7589412594
4426599749 4427194699
1430680813 1431504586
4269955021 4270936013
454417118 455385378
1680702116 1680926629
6044226635 6045211834
8453381877 8453864747
6238258766 6238597330
4687615857 4688375377
1352583991 1353046013
7775984721 7776478626
7091063722 7091843144
5176024592 5176407691
4591613075 4592018768
3379911739 3380292703
8464151902 8464878278
482261745 482583002
5101447926 5101813939
845162644 845266538
3897455943 3897564066
8504579226 8505022543
4434384194 4435286958
7636112834 7636379826
8464454662 8464745327
2625412592 2625705223
4762996546 4763195024
142918631 143788572
7829558556 7830412093
1546778735 1546946693
2765915852 2766266733
6215443361 6215630429
442318602 442723674
3863437962 3863825263
2613247505 2613998452
6385334011 6386038636
2639801181 2639932779
99911813 100535068
1040676139 1041570218
901032792 901927127
4610908182 4611811573
1149192893 1150115507
8240532977 8241428911
6816503866 6817400259
1556975940 1557360028
958891902 959579386
5283108464 5283495591
4164402000 4165353642
2442964616 2443277816
1647893631 1647935639
4902966115 4903210231
4973465696 4973639664
7519765849 7520309753
1788012340 1788303947
1313902672 1314701115
3543046944 3543693155
905495089 905931706
6320595803 6320838066
537865044 538292706
475800542 476617344
6037482023 6037524289
3316755648 3317485037
1356178323 1356523031
551424678 551643117
463785205 464612493
3604282981 3605219000
5839132388 5839600995
5066507342 5066980524
8110704139 8110709992
6712041425 6712258461
2478880055 2479787447
80926821 81913707
2065264814 2065492343
5702528669 5703514730
2045315740 2046054348
8295445340 8296160914
3002692029 3003031695
977388553 978047068
7301603741 7302567623
8266013282 8266158256
8330862238 8330915567
1226272963 1226629473
8489901917 8490291076
5710860863 5711239040
4067313721 4067689991
2073473327 2073617354
147960601 148599281
6253185376 6253508881
1020406792 1020470640
2268252283 2268658680
8162705866 8162771414
7528230839 7528872799
1948631204 1949264864
1182345795 1182855807
3398478149 3399436520
317600309 318018591
5567759602 5568416431
2908268373 2909198793
1209139597 1209756142
5017208056 5017428976
4186553059 4187301126
7183416428 7183722226
5982205083 5982238700
3645538000 3646454280
4866481314 4867013046
4085568821 4085587092
1833876845 1834077409
3642662164 3642966840
1706224295 1706962560
7307522790 7308268795
7808731242 7808947617
2909034206 2909470068
6497568019 6497826458
1851589977 1851934990
3635394335 3635910406
6942143755 6942558372
8549645749 8550175980
3122119382 3123029528
2921715560 2922626457
3222904971 3222907174
3302432950 3302774267
5427546145 5428192314
2059233201 2059305435
138735034 138788593
1735335224 1735515665
8349702706 8350044240
5260035931 5260929863
4866708873 4867414069
7410653551 7411268314
1421786728 1422721506
3863720128 3864318676
213580964 213924188
5431821860 5432734831
7315886125 7316024932
2591227434 2591870329
2538645289 2539523782
4237638929 4238614908
8276093946 8276318022
5150137487 5150612080
3647745682 3648469410
6498208423 6498621954
7844370797 7844438969
42692659 42779712
4551653294 4552022808
1285173050 1286131246
4459676603 4460244827
6299432811 6299498087
4921816253 4921832986
8000635776 8000969053
6872570031 6872667485
2797545153 2797580916
7960425674 7961396345
471159432 471518818
7406340361 7406924186
1295267452 1296252051
190293600 190747449
2830136430 2830270573
7495374401 7496284885
6451402049 6451913391
3261054760 3261135700
7779043409 7779653209
7932256254 7933043446
3595108505 3595621123
7932325915 7933265654
4398752481 4399601110
891609298 892496608
7128340825 7128461053
961135657 961991658
814256172 814901857
8179365189 8180094322
3223159693 3224139947
7708854977 7709831741
4163715780 4163902428
5933489831 5934273292
6918032991 6918714631
4946305081 4946971690
2733063447 2734013133
6425572936 6425984629
984337575 985218657
6761086537 6761156973
5406562814 5407536776
7680907249 7681312665
1421986281 1422718247
4442512937 4442736186
6688215211 6688747670
4750651046 4750880597
5563393520 5563872319
5741085908 5741221945
5463876604 5464327559
1175788989 1176423867
2207980967 2208386692
4465617464 4466303539
8329889138 8330016029
4371124431 4371125072
4014888539 4015784928
2149436295 2149560009
6189871283 6190490433
947033654 947858835
6157332312 6157541050
6284237001 6284671998
4881484518 4882404999
4245335833 4246085448
2432986955 2433921268
6854673106 6855044134
1488790608 1489544174
4761441973 4762270471
1885617816 1886211517
4526214938 4526968104
1503084618 1503233596
5054923398 5055876817
6963131682 6963480932
5211618518 5211819787
102122723 103038302
8210068905 8211043794
8034147430 8034466768
8001798110 8002517140
7881360795 7881585789
2861736159 2862658806
325610185 325648355
4661430827 4662169027
5546207985 5546616309
343341529 344092581
3843591027 3844330329
915610886 916250775
6493566750 6494404239
204519521 205090016
1560961034 1561069793
8075980516 8076685425
5672511003 5673241287
387926540 388756197
6941327587 6942011051
6950192902 6950861972
5408087717 5408508990
4828475864 4829101264
4936779579 4937109708
5857539575 5858489146
8586728472 8587149041
2754717533 2755589526
4116091481 4116167936
4411563956 4412058654
4918986586 4919295034
1557745228 1558006419
5349186184 5349214138
332910869 332913874
4085355409 4085793332
5995113906 5995763574
747844469 748497006
2923637781 2924605619
4480497731 4480555404
6947356761 6947506226
4255977363 4256146399
4001733068 4001908426
6819019722 6819588285
5419950083 5420613856
5239626357 5240121671
7720381895 7720977859
378317306 378658688
1844505710 1844754407
3899077993 3899718907
7004008640 7004857298
6121849414 6122795289
5204588860 5205315684
610585009 611132377
2545276842 2545363556
4686498742 4687314624
7375676153 7375885501
1976744812 1977255041
2464885384 2465683918
7688829882 7689424754
8221510765 8222501544
2651757973 2652199240
4956198246 4957187572
675504485 676309877
1973447586 1973808262
2987248080 2987655187
1715818752 1716486441
7639600340 7640114070
5264367197 5264697320
2741939800 2742679371
8423098194 8423446059
8476174143 8476363554
5642134441 5642779564
916392543 917053286
7893038337 7893177058
5973286613 5973352744
7003100936 7003689145
3944647641 3945397811
3877598226 3878502740
3363403051 3364260735
114243823 114395960
6019936609 6020734709
8416021564 8416475496
6184656797 6184663861
2523408456 2523615270
4452534816 4452560271
6376335198 6376786951
5163209770 5163431061
7697974707 7698459124
6041699807 6042133664
6637894626 6638610457
8336965220 8337179268
1829601247 1830558131
8289409814 8289535912
4822747325 4823615706
5093490143 5093852862
7884746640 7885013279
3692489444 3692721209
1880115467 1880582688
3118803910 3118822911
2672724080 2672729636
2879557413 2880026843
2346841190 2347336511
4697574619 4698020089
1756355802 1756983640
4182276938 4183127156
1298247244 1299233509
6923452122 6923921754
7610659450 7611167698
8146055741 8146906877
4708344109 4709065895
3234226190 3235082473
377836722 377883459
1340119648 1341102414
978178670 978737840
675708154 675902885
5273527717 5273638445
4398998773 4399969135
349207396 349879052
