69
6
13
22
22
94
31
1
74
85
58
67
3
60
9
15
87
164
65
70
15
91
27
23
104
83
73
18
48
4
1
19
110
43
46
69
25
100
68
17
7
24
10
130
79
170
3
113
106
42
82
63
103
44
33
152
22
11
1
8
3
5
4
147
15
121
16
57
8
40
62
13
5
2
239
16
54
106
17
3
75
1
5
259
72
102
80
15
70
104
19
5
50
4
79
15
49
64
31
48
73
14
4
98
32
38
37
50
2
2
43
15
113
34
137
4
2
1
4
51
24
117
54
157
7
2
60
49
18
100
38
30
146
74
129
16
2
9
192
90
47
4
40
5
1
146
235
35
8
23
80
18
24
64
11
107
71
28
84
96
5
6
110
72
50
37
5
62
79
159
6
1
144
7
32
51
187
57
41
1
11
35
62
39
44
37
39
96
11
2
18
15
49
27
7
1
34
86
38
95
13
97
3
6
36
6
63
12
6
16
59
42
8
145
5
53
81
91
9
223
77
23
18
5
95
23
30
141
1
12
4
126
112
24
55
5
5
12
9
59
11
85
2
5
24
99
8
32
2
118
3
21
1
1
12
94
