50
32380 19679
2919 24815
19970 12153
25296 12959
9970 7188
16541 26058
2152 2305
16878 5867
18065 1847
7025 29772
29630 31222
27421 21196
24503 29098
21027 32737
8530 11794
27425 29913
24132 2977
28825 20325
17718 24613
10147 13143
28188 2726
25310 31147
5314 14993
12716 20676
24999 12822
3999 12793
13583 1998
10286 20560
10324 11169
685 25737
14717 13031
10876 31327
21777 12237
10110 8970
12846 6138
23244 12552
13525 32371
5035 24861
19080 9404
28860 5273
29975 10049
24947 217
30647 18676
23498 30736
23124 8758
6711 12104
14120 14075
30171 9635
1677 14377
2147483647 10000000